/**
 * Return an array consisting of the largest number from each provided sub-array. For simplicity, the provided array will contain exactly 4 sub-arrays.

Remember, you can iterate through an array with a simple for loop, and access each member with array syntax arr[i].

Remember to use Read-Search-Ask if you get stuck. Write your own code.
 */


function largestOfFour(arr) {
  var largestOnArr = arr.map(function(cur,curIndex,Array) {
    return cur.reduce(function(pre,cur) {
      return cur>pre?cur:pre;
    })
  })
  return largestOnArr;
}

// console.log(largestOfFour([[4, 5, 1, 3], [13, 27, 18, 26], [32, 35, 37, 39], [1000, 1001, 857, 1]]));
console.log(largestOfFour([[13, 27, 18, 26], [4, 5, 1, 3], [32, 35, 37, 39], [1000, 1001, 857, 1]]));
